0.231047
0.1880721
0.2201249
0.19486
0.2482868
0.2202381
0.1932278
0.2070157
0.1893206
0.1831896
0.1558065
0.1553832
0.1658849
0.1511859
0.1808492
0.1557378
0.1649206
0.1399145
0.1248426
0.1427277
0.1182997
0.1446619
0.1349074
0.1366177
0.1349529
0.1050829
0.1053652
0.1040862
0.1034863
0.1068474
0.1023623
0.1043302
0.1036803
0.0918403
0.0758409
0.0814439
0.0894205
0.0868161
0.0856717
0.0754679
0.068749
0.0638728
0.070248
0.0723737
0.0708779
0.0577887
0.0713908
0.0693591
0.0628449
0.0715895
0.0529537
0.0523
0.054605
0.049169
0.0499776
0.0478647
0.0446303
0.041183
0.0486828
0.0382125
0.0372443
0.0327701
0.0370329
0.036199
0.0349056
0.0332938
0.0346496
0.0280861
0.0295599
0.0272662
0.0212776
0.0213344
0.0238388
0.0233176
0.0217522
0.0172337
0.018207
0.0179808
0.0175996
0.0157434
0.0144466
0.0141506
0.0132459
0.0135283
0.0130488
0.0118752
0.0115346
0.0124331
0.011555
0.0118054
0.0114207
0.010695
0.0107563
0.0093222
0.0090802
0.0090167
0.008616
0.00898
0.0085605
0.0084924
