0.1699603
0.1777369
0.215569
0.1820477
0.2042952
0.1873899
0.1800045
0.1945429
0.1689348
0.1729643
0.1424041
0.1487859
0.1541693
0.1446914
0.1636257
0.1392962
0.1518243
0.1536942
0.1193695
0.1503627
0.1256636
0.1420954
0.1371069
0.1450592
0.129647
0.0968886
0.1101406
0.0956435
0.1058445
0.1001475
0.1016518
0.0998809
0.1012723
0.0936416
0.0767816
0.0813596
0.0911249
0.0890038
0.0845414
0.0773899
0.0702784
0.0634299
0.0711755
0.0726554
0.072556
0.0587867
0.0653045
0.0699641
0.0621724
0.0731934
0.0463081
0.0529338
0.0540911
0.0504941
0.0487068
0.0481378
0.0471378
0.0418902
0.0486193
0.0361831
0.0394423
0.0353361
0.0394023
0.0385001
0.0349909
0.0341744
0.036486
0.030075
0.0323922
0.0307535
0.0220826
0.0225596
0.0243851
0.0251863
0.0244573
0.0201497
0.0184635
0.0190609
0.0195057
0.0161508
0.0150532
0.0156099
0.0142743
0.0140174
0.0144938
0.0127257
0.0129702
0.0136891
0.0117597
0.0116773
0.0118488
0.0119096
0.0112494
0.0098297
0.009088
0.009326
0.01049
0.009124
0.0087823
0.0085551
