0.1845682
0.1873424
0.2121712
0.2026344
0.2338954
0.1989675
0.1949141
0.1935007
0.1778459
0.1756529
0.1572173
0.1380656
0.1589486
0.154859
0.1841078
0.1483604
0.1523232
0.1459635
0.1206359
0.1417372
0.1263573
0.1402139
0.1316956
0.140889
0.1309695
0.1264353
0.1253056
0.103566
0.116579
0.1022916
0.1131563
0.1003645
0.1056711
0.1027819
0.087669
0.0860541
0.0906879
0.0952809
0.1300448
0.102364
0.0903192
0.0688789
0.0779786
0.0776432
0.0840734
0.0678818
0.0718653
0.0710491
0.0912016
0.0809354
0.055422
0.0570567
0.0587515
0.054011
0.0747859
0.0581214
0.0485861
0.0468374
0.0506042
0.0421851
0.0399338
0.0362311
0.0387322
0.0395163
0.0412201
0.0379127
0.0388044
0.0308748
0.0333882
0.0296794
0.032983
0.0239776
0.0276183
0.0250332
0.0317314
0.0195857
0.0212235
0.0203944
0.0196164
0.0180073
0.0163838
0.0162614
0.0147356
0.0149547
0.0159634
0.0134026
0.0130678
0.0143551
0.0123573
0.0123094
0.0115775
0.0114608
0.0129099
0.0097192
0.010431
0.0110098
0.0091641
0.0093489
0.0107808
0.0091391
