1 1.20612
0.99 1.2853
0.98 1.2778
0.97 1.18935
0.96 1.1827
0.95 1.17905
0.94 1.18741
0.93 1.1141
0.92 1.09773
0.91 1.09073
0.9 1.06701
0.89 1.06129
0.88 1.12049
0.87 1.04306
0.86 1.04367
0.85 1.04791
0.84 0.928309
0.83 0.928084
0.82 0.93435
0.81 0.917557
0.8 0.917094
0.79 0.889507
0.78 0.826429
0.77 0.829077
0.76 0.822188
0.75 0.759615
0.74 0.779046
0.73 0.778883
0.72 0.763637
0.71 0.755293
0.7 0.713655
0.69 0.712457
0.68 0.710989
0.67 0.689396
0.66 0.685056
0.65 0.663668
0.64 0.659941
0.63 0.620985
0.62 0.602341
0.61 0.603466
0.6 0.580861
0.59 0.576312
0.58 0.560385
0.57 0.546593
0.56 0.521298
0.55 0.518511
0.54 0.518375
0.53 0.516226
0.52 0.507689
0.51 0.509131
0.5 0.446886
0.49 0.457364
0.48 0.462888
0.47 0.459947
0.46 0.429711
0.45 0.415992
0.44 0.413841
0.43 0.405051
0.42 0.389263
0.41 0.381512
0.4 0.375218
0.39 0.358169
0.38 0.351679
0.37 0.342236
0.36 0.346495
0.35 0.331059
0.34 0.321334
0.33 0.319154
0.32 0.312879
0.31 0.298884
0.3 0.288573
0.29 0.287561
0.28 0.276529
0.27 0.261063
0.26 0.25502
0.25 0.241148
0.24 0.242853
0.23 0.237066
0.22 0.23337
0.21 0.226076
0.2 0.223949
0.19 0.220639
0.18 0.214921
0.17 0.21406
0.16 0.211396
0.15 0.204977
0.14 0.200825
0.13 0.199515
0.12 0.196975
0.11 0.194877
0.1 0.191423
0.09 0.189918
0.08 0.188797
0.07 0.186883
0.06 0.186174
0.05 0.184731
0.04 0.18419
0.03 0.183239
0.02 0.182872
