1 1.17376
0.99 1.24753
0.98 1.33526
0.97 1.16829
0.96 1.17188
0.95 1.15756
0.94 1.17992
0.93 1.08475
0.92 1.08047
0.91 1.07639
0.9 1.0471
0.89 1.05011
0.88 1.05422
0.87 1.04095
0.86 1.03406
0.85 1.0295
0.84 0.911986
0.83 0.914688
0.82 0.918386
0.81 0.907227
0.8 0.905469
0.79 0.869789
0.78 0.806827
0.77 0.807134
0.76 0.799514
0.75 0.741981
0.74 0.757553
0.73 0.756275
0.72 0.74859
0.71 0.737335
0.7 0.69794
0.69 0.69899
0.68 0.693919
0.67 0.666077
0.66 0.670751
0.65 0.648178
0.64 0.645016
0.63 0.599688
0.62 0.583883
0.61 0.590183
0.6 0.572125
0.59 0.565683
0.58 0.540556
0.57 0.536928
0.56 0.507432
0.55 0.503883
0.54 0.507637
0.53 0.500999
0.52 0.501881
0.51 0.491463
0.5 0.428263
0.49 0.448315
0.48 0.450736
0.47 0.44334
0.46 0.411695
0.45 0.403357
0.44 0.400079
0.43 0.390497
0.42 0.371778
0.41 0.362153
0.4 0.353995
0.39 0.340324
0.38 0.333965
0.37 0.325959
0.36 0.324642
0.35 0.311397
0.34 0.309047
0.33 0.304508
0.32 0.300237
0.31 0.282839
0.3 0.275473
0.29 0.273149
0.28 0.259893
0.27 0.247122
0.26 0.239319
0.25 0.225437
0.24 0.227033
0.23 0.220804
0.22 0.216109
0.21 0.209454
0.2 0.207276
0.19 0.203342
0.18 0.198389
0.17 0.197648
0.16 0.194006
0.15 0.188687
0.14 0.184355
0.13 0.182962
0.12 0.180354
0.11 0.178114
0.1 0.17715
0.09 0.174222
0.08 0.171978
0.07 0.170556
0.06 0.169626
0.05 0.168735
0.04 0.168033
0.03 0.167427
0.02 0.166471
