0.1837504
0.1835914
0.2196507
0.1919388
0.2072314
0.1956104
0.1839489
0.1925401
0.1738432
0.1734473
0.1598203
0.1580464
0.1485581
0.1414118
0.1672647
0.137926
0.1446189
0.1499475
0.1100384
0.1375717
0.1156479
0.1334783
0.1252476
0.129801
0.1258136
0.0942394
0.1027715
0.0956398
0.1057882
0.0984551
0.100458
0.0953473
0.0955305
0.0969365
0.0766821
0.0846508
0.0896046
0.0882982
0.0845582
0.0781817
0.1003565
0.0687057
0.0717476
0.0739393
0.0743439
0.0604399
0.0661339
0.0789123
0.0634117
0.0709335
0.04803
0.052667
0.0536732
0.0506301
0.047059
0.0474195
0.0449893
0.0414581
0.0474514
0.0356735
0.0381556
0.0328572
0.0369442
0.0362861
0.0345978
0.0337215
0.0349803
0.0278827
0.0293378
0.0266672
0.021472
0.0219689
0.0238662
0.023373
0.0225025
0.0184903
0.018382
0.0187741
0.0179452
0.0163602
0.0146639
0.0146764
0.0136023
0.0141404
0.0141785
0.0120372
0.0116742
0.0124826
0.0114398
0.0116704
0.0114486
0.0105881
0.0110184
0.0095147
0.0092465
0.012116
0.0110639
0.0087201
0.0085445
0.0087371
