1 1.20195
0.99 1.24746
0.98 1.28814
0.97 1.15764
0.96 1.15579
0.95 1.14608
0.94 1.1629
0.93 1.07463
0.92 1.07595
0.91 1.06157
0.9 1.03839
0.89 1.03707
0.88 1.03795
0.87 1.02766
0.86 1.03162
0.85 1.02689
0.84 0.90894
0.83 0.913651
0.82 0.904063
0.81 0.896979
0.8 0.902505
0.79 0.857043
0.78 0.80585
0.77 0.800122
0.76 0.79701
0.75 0.729671
0.74 0.751666
0.73 0.752564
0.72 0.741612
0.71 0.734488
0.7 0.694133
0.69 0.688295
0.68 0.686011
0.67 0.660987
0.66 0.664488
0.65 0.644467
0.64 0.632972
0.63 0.599697
0.62 0.578143
0.61 0.578772
0.6 0.555588
0.59 0.559924
0.58 0.534734
0.57 0.528812
0.56 0.499944
0.55 0.490546
0.54 0.494882
0.53 0.493392
0.52 0.4808
0.51 0.477291
0.5 0.423259
0.49 0.436761
0.48 0.443225
0.47 0.436459
0.46 0.398151
0.45 0.39107
0.44 0.38936
0.43 0.378777
0.42 0.369487
0.41 0.35928
0.4 0.355846
0.39 0.339701
0.38 0.334125
0.37 0.324071
0.36 0.323832
0.35 0.30601
0.34 0.306796
0.33 0.29188
0.32 0.295802
0.31 0.273626
0.3 0.263486
0.29 0.267817
0.28 0.252004
0.27 0.237917
0.26 0.231798
0.25 0.217191
0.24 0.218829
0.23 0.213419
0.22 0.208821
0.21 0.20186
0.2 0.2003
0.19 0.196211
0.18 0.190789
0.17 0.190024
0.16 0.18674
0.15 0.180763
0.14 0.176846
0.13 0.175604
0.12 0.172906
0.11 0.170634
0.1 0.167193
0.09 0.167029
0.08 0.166984
0.07 0.162755
0.06 0.162024
0.05 0.161271
0.04 0.160437
0.03 0.159041
0.02 0.158735
