1 1.1485
0.99 1.22995
0.98 1.21736
0.97 1.14635
0.96 1.1399
0.95 1.1339
0.94 1.15994
0.93 1.05796
0.92 1.05375
0.91 1.05083
0.9 1.02329
0.89 1.02415
0.88 1.02137
0.87 1.01605
0.86 1.01089
0.85 1.00598
0.84 0.887552
0.83 0.897256
0.82 0.884619
0.81 0.886223
0.8 0.879313
0.79 0.842674
0.78 0.784176
0.77 0.784086
0.76 0.77964
0.75 0.717227
0.74 0.734754
0.73 0.728958
0.72 0.728513
0.71 0.713921
0.7 0.676008
0.69 0.674354
0.68 0.66795
0.67 0.64899
0.66 0.649294
0.65 0.629406
0.64 0.609931
0.63 0.58293
0.62 0.557135
0.61 0.561274
0.6 0.542717
0.59 0.543769
0.58 0.516403
0.57 0.510499
0.56 0.483459
0.55 0.479043
0.54 0.474332
0.53 0.470663
0.52 0.462812
0.51 0.46119
0.5 0.403817
0.49 0.41462
0.48 0.415295
0.47 0.418426
0.46 0.379457
0.45 0.372462
0.44 0.372989
0.43 0.360745
0.42 0.342147
0.41 0.341876
0.4 0.335404
0.39 0.317942
0.38 0.312311
0.37 0.302494
0.36 0.300381
0.35 0.284313
0.34 0.284835
0.33 0.277751
0.32 0.276806
0.31 0.255943
0.3 0.249609
0.29 0.247019
0.28 0.235129
0.27 0.222677
0.26 0.214101
0.25 0.199922
0.24 0.201067
0.23 0.195201
0.22 0.190919
0.21 0.184473
0.2 0.182152
0.19 0.178317
0.18 0.175839
0.17 0.174676
0.16 0.169313
0.15 0.164679
0.14 0.159391
0.13 0.159186
0.12 0.155284
0.11 0.154434
0.1 0.151
0.09 0.148705
0.08 0.148817
0.07 0.145037
0.06 0.144073
0.05 0.14321
0.04 0.14221
0.03 0.141577
0.02 0.141344
