0.2193888
0.1926566
0.2163166
0.2004403
0.233937
0.1985786
0.1827324
0.1981761
0.1735853
0.1798937
0.1495106
0.1452861
0.1627137
0.1608052
0.195475
0.1519916
0.1690482
0.1614123
0.1184711
0.143098
0.1212282
0.1463588
0.1313116
0.1341348
0.1605472
0.1506646
0.1321617
0.1120004
0.116983
0.1284242
0.1110518
0.1096824
0.1071373
0.1010059
0.0767382
0.0868453
0.0932041
0.1033398
0.0907264
0.0761328
0.0777666
0.07774
0.0863967
0.0790009
0.0790808
0.0664864
0.0806436
0.0733323
0.0707295
0.0758826
0.051314
0.0594385
0.0588916
0.0555004
0.0512362
0.0501071
0.0489742
0.0418994
0.0535124
0.0395916
0.0418049
0.042363
0.0359847
0.0359307
0.0349894
0.0335488
0.0355001
0.0279247
0.031272
0.0282665
0.0232941
0.0242263
0.0268152
0.0241661
0.0225874
0.0183737
0.0192446
0.0208218
0.018003
0.0165662
0.0153621
0.0155746
0.0141302
0.0139235
0.0137849
0.0127058
0.0120629
0.0126757
0.0116832
0.0114707
0.0114452
0.010704
0.0111533
0.0095921
0.0093449
0.0090954
0.0090044
0.0088547
0.0087254
0.008655
