0.1770651
0.1830398
0.2144453
0.200516
0.2199836
0.1986452
0.1860489
0.194525
0.1909274
0.1997406
0.1610926
0.1527356
0.1681572
0.1523724
0.2070838
0.1851873
0.1871462
0.1544349
0.1168998
0.160479
0.1427079
0.1533358
0.1574794
0.1573755
0.1346199
0.1006101
0.1173823
0.1101531
0.1063031
0.1066282
0.1068873
0.0992326
0.1010127
0.0977534
0.0778071
0.086622
0.0901987
0.0877486
0.0848766
0.0767376
0.0704889
0.0633956
0.0705925
0.0740774
0.0736377
0.0867647
0.0892856
0.0756418
0.0629389
0.069682
0.0486256
0.0546175
0.0548189
0.0506414
0.0489985
0.049789
0.0462834
0.0415231
0.0485077
0.0359706
0.0369639
0.0334986
0.0368871
0.0365118
0.0347595
0.0328263
0.0350452
0.0279319
0.029802
0.026373
0.0213896
0.0214331
0.0239449
0.0237464
0.0218254
0.0175143
0.018035
0.0184523
0.0172318
0.0159148
0.0148063
0.0144906
0.0136325
0.013903
0.0134105
0.0120595
0.011647
0.0122686
0.0118148
0.0113463
0.0111282
0.0109998
0.0111135
0.0097753
0.0094042
0.0091354
0.0090394
0.0088597
0.0086454
0.0095991
